8384
61649
15844
5924
56934
33373
54884
7860
97962
19774
64036
57397
25025
99617
59925
21119
25246
674
93101
86499
81204
8676
27939
59975
48915
54978
89474
48994
27996
67902
6199
96638
60508
65783
99845
94567
43525
15942
73218
60270
17119
83133
25447
27987
94243
43426
80294
69178
31914
45086
47683
28045
4110
56684
51178
30347
25980
54485
44889
99658
96237
66122
12108
94200
70018
5602
84966
59512
48021
5911
49493
77483
69414
79778
3680
80653
25767
16613
17508
92162
71181
54197
3361
46415
89834
47394
42850
43217
96300
92956
31794
89062
86304
59473
98949
83238
25976
14540
26059
13548
66199
37429
46878
36698
95320
54875
31074
31782
98257
40015
65226
31803
72972
70075
27631
57787
66286
47131
16226
2809
30192
48035
29660
39140
67110
84577
20366
50689
27912
23010
35518
25097
50121
33238
36779
75050
75294
12319
43045
96776
64457
54342
71665
15192
38281
19317
63163
9802
4816
87426
62009
63183
1678
71764
91784
24799
71928
2660
6866
36864
13265
89754
24787
26121
88691
14151
43475
25653
63471
2326
25837
54209
38002
85895
90472
47056
79103
56899
81802
1972
13279
86991
5459
76764
34675
90683
5548
50576
97712
77779
29205
40232
9824
58196
70863
45035
13231
33522
13741
78629
46350
34033
89280
34993
5241
37292
56605
27050
83381
35025
63570
31089
54103
98690
88522
67881
74190
30926
77670
52294
29409
80044
86766
47205
13171
37781
7798
64612
28041
36718
11479
67147
26491
13096
64543
36533
62050
3188
87214
92039
4946
96971
675
61639
87353
81512
76963
31299
82509
68319
44456
23731
89279
13837
20933
86921
89120
10328
43202
4898
65969
45593
37345
78455
31205
4285
26885
61891
75650
11001
7517
83383
78458
95936
26509
21206
38799
97543
92491
55759
60388
3479
7057
68273
11208
71040
53478
11033
1162
61377
99753
31123
68974
67962
73384
89918
46242
19087
43414
83942
71423
86631
1681
39223
59347
38887
69658
20889
92982
33943
69888
72510
93247
61909
91725
75576
40026
9253
49932
98492
62904
36535
81693
86606
93695
32068
52650
30052
74487
28297
45836
34540
44726
45184
88699
11766
88757
55410
32898
706
11282
49911
39141
28841
22357
19098
35060
23228
55824
55020
7971
85333
15510
22828
66338
50668
42019
46062
53842
64556
19648
99621
28210
18672
97713
6698
23270
9571
83483
91554
97209
10
74982
48665
32568
86624
41036
50616
94269
3408
23271
32049
70789
19458
30143
55041
20578
21544
16641
82472
20931
7355
94950
60270
69705
53621
1145
36858
21680
64831
50917
28680
50770
52895
53334
74410
16948
45843
15838
7216
82421
74545
65926
14438
65479
40425
35406
47072
42384
24289
1638
87673
7785
56628
56823
84561
82351
33129
81211
12726
12675
25663
28984
27310
42967
8606
96629
34313
50648
93130
32745
14928
28695
37978
65560
4893
66414
84229
69787
48280
27310
43693
68031
16365
47805
55844
63599
6513
83793
16550
31342
13462
13348
73389
51092
95974
63397
76952
54259
45474
65757
75302
68358
158
63640
39621
86471
37955
83623
13090
59094
24826
59995
82186
4351
91044
48547
79801
59196
57442
95046
43018
49030
36043
30009
64822
36063
85055
45872
98714
17788
6900
75209
97896
86090
39784
29427
96616
24796
8221
76171
70239
18901
66028
30673
42752
72209
86470
11357
45658
81818
28563
63248
70601
97640
35990
84073
99554
3082
5641
97421
41057
89014
96477
4916
48702
57352
36256
15100
48998
82833
23565
90538
59698
81989
15706
76670
36839
86859
39149
75994
48972
97637
58587
9416
40465
93231
93088
62932
12238
11635
73369
52294
17937
73038
92944
50894
46300
7755
17695
16833
36354
68356
83365
23999
51071
50785
28528
48913
17265
22765
81794
90264
24729
59492
46316
1195
66033
16369
2111
95835
89874
26453
77277
50969
35516
96331
22862
61393
13596
88288
62984
23186
99482
18929
81720
12999
9327
74806
51360
3431
36135
44169
2809
4644
33386
90578
88242
50618
47144
48946
88541
54770
14095
7449
73645
44153
62565
49796
32591
44028
76353
71522
51873
25352
7053
51225
35677
46539
49582
53101
29611
17861
27745
60656
30754
91918
71901
93134
41145
36857
9216
35996
49294
80342
28449
24664
4849
21787
25883
56841
85261
97906
86733
72792
40073
52417
7270
35340
38451
4545
16891
61687
38584
32947
16495
7721
43821
91798
9769
82142
9693
53974
67401
72507
18442
32650
30691
98207
43207
67050
30701
66441
82743
70752
71825
96395
59355
31612
4528
94114
37652
21258
91027
5997
39823
19053
49798
52334
4303
80556
50058
44010
59033
83682
15752
15246
57935
67165
90059
63193
59822
35361
6091
71205
12624
41044
7183
6775
42645
73568
61075
27441
38501
73603
16269
98318
62456
67658
55992
23511
18074
65657
15445
20268
52396
93092
41379
19566
73323
35614
89569
59691
18438
58387
75384
50441
20180
25139
15366
24721
74126
82565
23672
61589
32057
94575
56185
60233
9550
7864
27249
67873
19054
5381
59250
16261
13690
57470
63607
1231
54480
11854
93291
47660
94280
73041
51570
38229
5344
9398
89462
48554
64332
91793
75252
23519
48441
11613
73421
50063
89454
47900
27485
30219
78686
53456
1468
34834
15099
7991
98141
23225
41328
42752
38640
46891
17906
75494
57718
16477
44685
7324
41636
320
50247
23602
11581
40195
35053
9985
34483
15307
72146
41626
25269
59088
40406
28686
89812
35031
89682
4494
46226
7572
14553
24067
53659
1951
44053
170
72377
32998
38378
41680
76656
96982
20403
74755
42920
62906
59801
21157
39522
70084
70583
80033
51736
37329
79119
9581
85742
15781
68969
33230
8802
72155
11338
1324
99306
72123
45487
23756
99993
44569
82174
51627
90430
46608
64978
26685
20680
16580
39320
36184
77123
97575
47050
7754
83496
37664
85668
53984
75499
24592
45559
29626
25668
92526
66078
95696
36735
46348
31846
94203
66317
84998
64376
24849
93545
69569
50890
80747
89089
74099
92195
44079
4083
77465
44504
64562
50541
3258
76309
43700
6147
91241
60717
26029
39644
88728
76102
54883
19586
83164
93492
84734
38814
58197
87812
54681
59797
44722
21901
18470
61847
55620
17184
95196
50204
38383
42921
51875
69161
53283
27183
54128
46601
86467
16974
24465
85726
37109
92403
28990
11268
75649
70357
72839
72073
56240
16805
22240
99732
80608
23710
86816
23787
52887
96441
89610
48073
35343
40651
24263
99850
13482
33790
48886
73666
