10
158
170
320
674
675
706
1145
1162
1195
1231
1324
1468
1638
1678
1681
1951
1972
2111
2326
2660
2809
2809
3082
3188
3258
3361
3408
3431
3479
3680
4083
4110
4285
4303
4351
4494
4528
4545
4644
4816
4849
4893
4898
4916
4946
5241
5344
5381
5459
5548
5602
5641
5911
5924
5997
6091
6147
6199
6513
6698
6775
6866
6900
7053
7057
7183
7216
7270
7324
7355
7449
7517
7572
7721
7754
7755
7785
7798
7860
7864
7971
7991
8221
8384
8606
8676
8802
9216
9253
9327
9398
9416
9550
9571
9581
9693
9769
9802
9824
9985
10328
11001
11033
11208
11268
11282
11338
11357
11479
11581
11613
11635
11766
11854
12108
12238
12319
12624
12675
12726
12999
13090
13096
13171
13231
13265
13279
13348
13462
13482
13548
13596
13690
13741
13837
14095
14151
14438
14540
14553
14928
15099
15100
15192
15246
15307
15366
15445
15510
15706
15752
15781
15838
15844
15942
16226
16261
16269
16365
16369
16477
16495
16550
16580
16613
16641
16805
16833
16891
16948
16974
17119
17184
17265
17508
17695
17788
17861
17906
17937
18074
18438
18442
18470
18672
18901
18929
19053
19054
19087
19098
19317
19458
19566
19586
19648
19774
20180
20268
20366
20403
20578
20680
20889
20931
20933
21119
21157
21206
21258
21544
21680
21787
21901
22240
22357
22765
22828
22862
23010
23186
23225
23228
23270
23271
23511
23519
23565
23602
23672
23710
23731
23756
23787
23999
24067
24263
24289
24465
24592
24664
24721
24729
24787
24796
24799
24826
24849
25025
25097
25139
25246
25269
25352
25447
25653
25663
25668
25767
25837
25883
25976
25980
26029
26059
26121
26453
26491
26509
26685
26885
27050
27183
27249
27310
27310
27441
27485
27631
27745
27912
27939
27987
27996
28041
28045
28210
28297
28449
28528
28563
28680
28686
28695
28841
28984
28990
29205
29409
29427
29611
29626
29660
30009
30052
30143
30192
30219
30347
30673
30691
30701
30754
30926
31074
31089
31123
31205
31299
31342
31612
31782
31794
31803
31846
31914
32049
32057
32068
32568
32591
32650
32745
32898
32947
32998
33129
33230
33238
33373
33386
33522
33790
33943
34033
34313
34483
34540
34675
34834
34993
35025
35031
35053
35060
35340
35343
35361
35406
35516
35518
35614
35677
35990
35996
36043
36063
36135
36184
36256
36354
36533
36535
36698
36718
36735
36779
36839
36857
36858
36864
37109
37292
37329
37345
37429
37652
37664
37781
37955
37978
38002
38229
38281
38378
38383
38451
38501
38584
38640
38799
38814
38887
39140
39141
39149
39223
39320
39522
39621
39644
39784
39823
40015
40026
40073
40195
40232
40406
40425
40465
40651
41036
41044
41057
41145
41328
41379
41626
41636
41680
42019
42384
42645
42752
42752
42850
42920
42921
42967
43018
43045
43202
43207
43217
43414
43426
43475
43525
43693
43700
43821
44010
44028
44053
44079
44153
44169
44456
44504
44569
44685
44722
44726
44889
45035
45086
45184
45474
45487
45559
45593
45658
45836
45843
45872
46062
46226
46242
46300
46316
46348
46350
46415
46539
46601
46608
46878
46891
47050
47056
47072
47131
47144
47205
47394
47660
47683
47805
47900
48021
48035
48073
48280
48441
48547
48554
48665
48702
48886
48913
48915
48946
48972
48994
48998
49030
49294
49493
49582
49796
49798
49911
49932
50058
50063
50121
50204
50247
50441
50541
50576
50616
50618
50648
50668
50689
50770
50785
50890
50894
50917
50969
51071
51092
51178
51225
51360
51570
51627
51736
51873
51875
52294
52294
52334
52396
52417
52650
52887
52895
53101
53283
53334
53456
53478
53621
53659
53842
53974
53984
54103
54128
54197
54209
54259
54342
54480
54485
54681
54770
54875
54883
54884
54978
55020
55041
55410
55620
55759
55824
55844
55992
56185
56240
56605
56628
56684
56823
56841
56899
56934
57352
57397
57442
57470
57718
57787
57935
58196
58197
58387
58587
59033
59088
59094
59196
59250
59347
59355
59473
59492
59512
59691
59698
59797
59801
59822
59925
59975
59995
60233
60270
60270
60388
60508
60656
60717
61075
61377
61393
61589
61639
61649
61687
61847
61891
61909
62009
62050
62456
62565
62904
62906
62932
62984
63163
63183
63193
63248
63397
63471
63570
63599
63607
63640
64036
64332
64376
64457
64543
64556
64562
64612
64822
64831
64978
65226
65479
65560
65657
65757
65783
65926
65969
66028
66033
66078
66122
66199
66286
66317
66338
66414
66441
67050
67110
67147
67165
67401
67658
67873
67881
67902
67962
68031
68273
68319
68356
68358
68969
68974
69161
69178
69414
69569
69658
69705
69787
69888
70018
70075
70084
70239
70357
70583
70601
70752
70789
70863
71040
71181
71205
71423
71522
71665
71764
71825
71901
71928
72073
72123
72146
72155
72209
72377
72507
72510
72792
72839
72972
73038
73041
73218
73323
73369
73384
73389
73421
73568
73603
73645
73666
74099
74126
74190
74410
74487
74545
74755
74806
74982
75050
75209
75252
75294
75302
75384
75494
75499
75576
75649
75650
75994
76102
76171
76309
76353
76656
76670
76764
76952
76963
77123
77277
77465
77483
77670
77779
78455
78458
78629
78686
79103
79119
79778
79801
80033
80044
80294
80342
80556
80608
80653
80747
81204
81211
81512
81693
81720
81794
81802
81818
81989
82142
82174
82186
82351
82421
82472
82509
82565
82743
82833
83133
83164
83238
83365
83381
83383
83483
83496
83623
83682
83793
83942
84073
84229
84561
84577
84734
84966
84998
85055
85261
85333
85668
85726
85742
85895
86090
86304
86467
86470
86471
86499
86606
86624
86631
86733
86766
86816
86859
86921
86991
87214
87353
87426
87673
87812
88242
88288
88522
88541
88691
88699
88728
88757
89014
89062
89089
89120
89279
89280
89454
89462
89474
89569
89610
89682
89754
89812
89834
89874
89918
90059
90264
90430
90472
90538
90578
90683
91027
91044
91241
91554
91725
91784
91793
91798
91918
92039
92162
92195
92403
92491
92526
92944
92956
92982
93088
93092
93101
93130
93134
93231
93247
93291
93492
93545
93695
94114
94200
94203
94243
94269
94280
94567
94575
94950
95046
95196
95320
95696
95835
95936
95974
96237
96300
96331
96395
96441
96477
96616
96629
96638
96776
96971
96982
97209
97421
97543
97575
97637
97640
97712
97713
97896
97906
97962
98141
98207
98257
98318
98492
98690
98714
98949
99306
99482
99554
99617
99621
99658
99732
99753
99845
99850
99993
